54,
54,
54,
94.06    
138.35    
160.55    
167.96    
193.83    
200.12  
227.74    
231.47    
235.28    
242.93    
243.91    
255.92 
262.77    
282.07    
284.96    
299.86    
306.34    
319.29 
325.80    
330.87    
338.56    
345.97    
357.89    
363.22 
377.90    
389.03    
402.68    
406.50    
425.99    
440.93 
459.61    
465.41    
499.96    
527.17    
533.23    
543.89 
545.91    
575.66    
581.18    
590.90    
612.14    
631.69 
640.79    
665.25    
729.75    
738.25    
758.14    
771.84
889.38    
921.77    
950.29    
996.01   
1041.42   
1076.99
87.24     
97.32    
134.05    
139.57    
155.00    
178.98 
206.07    
212.62    
221.04    
235.74    
245.26    
253.89
259.43    
272.42    
283.83    
300.62    
304.90    
315.28
330.59    
333.30    
339.39    
343.06    
354.53    
372.65
390.25    
405.51    
412.86    
438.89    
451.13    
458.96
468.24    
501.80    
507.95    
521.84    
531.33    
541.51
544.23    
553.53    
566.55    
597.03    
614.68    
628.03
644.01    
663.37    
680.10    
750.05    
784.99    
881.61
947.37    
971.22   
1049.17   
1059.23   
1133.93   
3740.89
-1029.45     
92.25    
136.95    
162.98    
165.92    
197.20
227.64    
231.20    
231.66    
238.62    
244.01    
251.21
262.48    
274.99    
282.58    
291.13    
299.31    
313.65
328.70    
328.83    
336.77    
350.42    
356.71    
362.70
375.10    
386.32    
401.65    
409.07    
440.96    
443.35
454.99    
465.03    
499.37    
506.28    
533.23    
545.46
549.25    
566.44    
573.33    
587.44    
608.33    
630.47
643.84    
677.61    
734.03    
747.86    
770.39    
836.81
923.55    
957.21    
997.16   
1059.93   
1061.78   
1083.80







